99977707	99977729	99977749	99977771	99977797	99977827	99977831	99977851	99977861	99977863
99977873	99977893	99977909	99977923	99977989	99978001	99978017	99978023	99978029	99978041
99978059	99978077	99978089	99978097	99978101	99978121	99978161	99978187	99978199	99978211
99978227	99978251	99978293	99978331	99978349	99978383	99978407	99978419	99978443	99978469
99978497	99978499	99978517	99978533	99978559	99978583	99978601	99978611	99978643	99978653
99978667	99978691	99978727	99978731	99978733	99978737	99978743	99978793	99978797	99978811
99978841	99978859	99978883	99978899	99978919	99978943	99978959	99978971	99978973	99979021
99979031	99979039	99979043	99979067	99979079	99979081	99979109	99979133	99979157	99979181
99979219	99979223	99979249	99979303	99979333	99979337	99979357	99979381	99979417	99979423
99979471	99979493	99979507	99979531	99979541	99979553	99979591	99979603	99979609	99979631
99979637	99979651	99979657	99979673	99979699	99979741	99979751	99979753	99979777	99979787
99979813	99979819	99979871	99979903	99979927	99979933	99979961	99979963	99979967	99979981
99979993	99980003	99980047	99980063	99980087	99980123	99980137	99980171	99980173	99980189
99980219	99980291	99980303	99980311	99980317	99980323	99980329	99980347	99980351	99980357
99980399	99980431	99980437	99980443	99980477	99980501	99980513	99980539	99980597	99980653
99980659	99980677	99980681	99980687	99980707	99980759	99980789	99980813	99980833	99980911
99980953	99980981	99981041	99981047	99981071	99981073	99981163	99981179	99981181	99981221
99981227	99981229	99981251	99981317	99981347	99981377	99981389	99981421	99981451	99981467
99981491	99981509	99981517	99981521	99981523	99981547	99981571	99981593	99981599	99981601
99981613	99981619	99981631	99981649	99981653	99981697	99981701	99981757	99981787	99981793
99981803	99981823	99981829	99981853	99981863	99981887	99981899	99981907	99981911	99981929
99981941	99981953	99981961	99981967	99981979	99981991	99982007	99982013	99982033	99982073
99982079	99982097	99982109	99982133	99982193	99982217	99982229	99982241	99982243	99982247
99982249	99982261	99982297	99982303	99982307	99982339	99982367	99982369	99982391	99982417
99982429	99982447	99982453	99982483	99982499	99982507	99982523	99982537	99982573	99982601
99982609	99982643	99982669	99982703	99982709	99982717	99982741	99982759	99982801	99982811
99982849	99982859	99982877	99982889	99982901	99982903	99982937	99982943	99982951	99982957
99983017	99983057	99983077	99983083	99983113	99983119	99983129	99983141	99983179	99983183
99983189	99983197	99983201	99983207	99983227	99983237	99983243	99983309	99983311	99983327
99983333	99983353	99983357	99983381	99983413	99983419	99983423	99983431	99983437	99983441
99983449	99983459	99983483	99983489	99983563	99983573	99983581	99983621	99983627	99983633
99983669	99983683	99983717	99983753	99983759	99983761	99983797	99983837	99983861	99983867
99983929	99983957	99983969	99983971	99984029	99984043	99984091	99984097	99984103	99984109
99984119	99984121	99984127	99984133	99984149	99984169	99984187	99984211	99984221	99984239
99984253	99984271	99984277	99984319	99984329	99984337	99984343	99984347	99984371	99984383
99984413	99984421	99984439	99984449	99984457	99984461	99984487	99984491	99984529	99984541
99984559	99984587	99984601	99984607	99984617	99984623	99984629	99984679	99984697	99984733
99984743	99984751	99984757	99984817	99984823	99984853	99984877	99984883	99984893	99984919
99984923	99984947	99984967	99984991	99985009	99985021	99985057	99985091	99985099	99985141
99985147	99985153	99985157	99985159	99985217	99985219	99985241	99985267	99985271	99985273
99985297	99985321	99985337	99985339	99985351	99985397	99985409	99985423	99985427	99985441
99985463	99985489	99985547	99985549	99985559	99985573	99985579	99985603	99985637	99985651
99985661	99985663	99985673	99985681	99985693	99985709	99985723	99985727	99985777	99985799
99985811	99985843	99985849	99985883	99985927	99985973	99985987	99986011	99986023	99986039
99986053	99986063	99986077	99986093	99986111	99986123	99986141	99986153	99986233	99986251
99986269	99986273	99986279	99986329	99986347	99986351	99986353	99986423	99986431	99986449
99986477	99986479	99986483	99986489	99986507	99986521	99986527	99986539	99986597	99986609
99986611	99986629	99986633	99986641	99986647	99986657	99986669	99986699	99986717	99986723
99986743	99986767	99986791	99986801	99986827	99986849	99986851	99986857	99986881	99986891
99986927	99986933	99986947	99986963	99986969	99986989	99986993	99987011	99987037	99987067
99987089	99987103	99987119	99987131	99987133	99987161	99987197	99987211	99987221	99987257
99987263	99987269	99987271	99987281	99987299	99987301	99987313	99987343	99987373	99987449
99987457	99987467	99987497	99987529	99987539	99987571	99987581	99987593	99987611	99987619
99987683	99987691	99987707	99987721	99987763	99987779	99987781	99987787	99987799	99987817
99987869	99987871	99987883	99987887	99987893	99987907	99987917	99987959	99987961	99987973
99987983	99987991	99987997	99988003	99988019	99988037	99988069	99988073	99988099	99988103
99988117	99988139	99988219	99988247	99988253	99988261	99988277	99988289	99988313	99988331
99988349	99988363	99988367	99988403	99988409	99988453	99988477	99988481	99988487	99988489
99988531	99988571	99988573	99988579	99988591	99988597	99988619	99988633	99988649	99988753
99988771	99988807	99988813	99988829	99988831	99988853	99988859	99988879	99988913	99988961
